SipHash: 3DL(R0 to R3) experimental COR: [63]->[14,46,78,110,142,174,206,238], -6.26227e+08, -0.583219, -0.77789
Time: 208.125
