R1: 1:[22,],5:[5,17,25,29,],9:[10,18,30,],13:[18,30,],-->R3.5_14:[0], -3.44899e-05, -14.8235
R3_9:[0] conditioned on R3.5_14:[0] = 0, 0.000479151, -11.0272
R3_9:[0] conditioned on R3.5_14:[0] = 1, 0.000478301, -11.0298
R3.5_9:[0], 4.08574e-07, -21.2229
Multi time: 348149
