r8: 10:[0,],-->r16: 1:[8,],2:[16,],3:[24,3,],4:[27,16,15,0,],7:[8,7,],9:[0,],10:[0,],11:[0,],14:[27,22,],15:[27,0,],0.0474908, -4.39621
r16: 1:[8,],2:[16,],3:[24,3,],4:[27,16,15,0,],7:[8,7,],9:[0,],10:[0,],11:[0,],14:[27,22,],15:[27,0,],-->r17: 0:[11,0,],1:[8,],2:[16,],3:[24,3,],4:[26,24,23,10,5,3,2,],7:[8,7,],8:[27,26,16,15,10,5,0,],9:[0,],10:[0,],11:[0,],12:[27,16,0,],14:[27,22,],15:[27,0,],-0.0278843, -5.1644
r17: 0:[11,0,],1:[8,],2:[16,],3:[24,3,],4:[26,24,23,10,5,3,2,],7:[8,7,],8:[27,26,16,15,10,5,0,],9:[0,],10:[0,],11:[0,],12:[27,16,0,],14:[27,22,],15:[27,0,],-->r18: 0:[11,],1:[19,16,8,],2:[16,],3:[24,3,],4:[26,24,23,10,5,3,2,],5:[11,10,0,],7:[8,7,],8:[27,26,16,15,10,5,0,],9:[8,7,0,],10:[0,],11:[0,],12:[27,16,0,],13:[27,0,],14:[27,22,],15:[27,0,],0.16651, -2.58632
r18: 0:[11,],1:[19,16,8,],2:[16,],3:[24,3,],4:[26,24,23,10,5,3,2,],5:[11,10,0,],7:[8,7,],8:[27,26,16,15,10,5,0,],9:[8,7,0,],10:[0,],11:[0,],12:[27,16,0,],13:[27,0,],14:[27,22,],15:[27,0,],-->r19: 0:[11,],1:[26,19,16,8,0,],2:[27,16,3,2,],3:[24,3,],4:[26,24,23,10,5,3,2,],5:[11,10,0,],6:[27,19,18,16,15,8,7,],7:[8,7,],8:[27,26,16,15,10,5,0,],9:[8,7,0,],10:[16,15,0,],11:[0,],12:[27,16,0,],13:[27,0,],14:[27,22,0,],15:[27,0,],-0.00101089, -9.95016
r19: 0:[11,],1:[26,19,16,8,0,],2:[27,16,3,2,],3:[24,3,],4:[26,24,23,10,5,3,2,],5:[11,10,0,],6:[27,19,18,16,15,8,7,],7:[8,7,],8:[27,26,16,15,10,5,0,],9:[8,7,0,],10:[16,15,0,],11:[0,],12:[27,16,0,],13:[27,0,],14:[27,22,0,],15:[27,0,],-->r20: 0:[11,],1:[26,19,16,8,0,],2:[27,16,3,2,0,],3:[24,22,8,0,],4:[26,24,23,10,5,3,2,],5:[11,10,0,],6:[27,19,18,16,15,8,7,],7:[18,17,16,3,0,],8:[27,26,16,15,10,5,0,],9:[8,7,0,],10:[16,15,0,],11:[24,18,17,8,3,0,],12:[27,16,0,],13:[27,0,],14:[27,22,0,],15:[22,8,0,],0.00466996, -7.74237
r20: 0:[11,],1:[26,19,16,8,0,],2:[27,16,3,2,0,],3:[24,22,8,0,],4:[26,24,23,10,5,3,2,],5:[11,10,0,],6:[27,19,18,16,15,8,7,],7:[18,17,16,3,0,],8:[27,26,16,15,10,5,0,],9:[8,7,0,],10:[16,15,0,],11:[24,18,17,8,3,0,],12:[27,16,0,],13:[27,0,],14:[27,22,0,],15:[22,8,0,],-->r21: 0:[31,19,18,0,],1:[26,19,16,8,0,],2:[27,16,3,2,0,],3:[24,22,16,8,7,],4:[26,24,23,10,5,3,2,],5:[24,21,],6:[27,19,18,16,15,8,7,],7:[18,17,16,3,0,],8:[27,26,16,15,10,5,0,],9:[8,7,0,],10:[21,16,10,],11:[24,18,17,8,3,0,],12:[27,16,0,],13:[27,0,],14:[27,22,0,],15:[17,16,3,2,],-0.00178206, -9.13224
Total: -38.9717