r8: 10:[0,],-->r14: 1:[8,],3:[0,],10:[0,],11:[0,],14:[27,0,],15:[27,0,],1, 0
r14: 1:[8,],3:[0,],10:[0,],11:[0,],14:[27,0,],15:[27,0,],-->r15: 1:[8,],2:[16,],3:[0,],7:[8,7,],10:[0,],11:[0,],14:[27,0,],15:[27,0,],0.502047, -0.994107
r15: 1:[8,],2:[16,],3:[0,],7:[8,7,],10:[0,],11:[0,],14:[27,0,],15:[27,0,],-->r16: 1:[8,],3:[3,2,],4:[27,26,0,],7:[8,7,],9:[0,],10:[0,],11:[0,],14:[27,22,21,],15:[27,0,],0.000127185, -12.9408
r16: 1:[8,],3:[3,2,],4:[27,26,0,],7:[8,7,],9:[0,],10:[0,],11:[0,],14:[27,22,21,],15:[27,0,],-->r17: 0:[11,10,],1:[8,],3:[3,2,],4:[10,5,3,2,],7:[8,7,],8:[27,10,5,0,],9:[0,],10:[0,],11:[0,],12:[27,26,0,],14:[27,22,21,],15:[27,0,],0.166541, -2.58605
r17: 0:[11,10,],1:[8,],3:[3,2,],4:[10,5,3,2,],7:[8,7,],8:[27,10,5,0,],9:[0,],10:[0,],11:[0,],12:[27,26,0,],14:[27,22,21,],15:[27,0,],-->r18: 0:[11,10,0,],1:[19,],3:[3,2,],4:[10,5,3,2,],5:[11,10,],7:[8,7,],8:[27,10,5,0,],9:[8,0,],10:[0,],11:[0,],12:[27,26,0,],13:[27,0,],14:[27,22,21,],15:[27,0,],-0.0417025, -4.58372
r18: 0:[11,10,0,],1:[19,],3:[3,2,],4:[10,5,3,2,],5:[11,10,],7:[8,7,],8:[27,10,5,0,],9:[8,0,],10:[0,],11:[0,],12:[27,26,0,],13:[27,0,],14:[27,22,21,],15:[27,0,],-->r19: 0:[11,10,0,],1:[19,0,],2:[27,26,3,],3:[3,2,],4:[10,5,3,2,],5:[11,10,],6:[27,19,],7:[8,7,],8:[27,10,5,0,],9:[8,0,],10:[0,],11:[0,],12:[27,26,0,],13:[27,0,],14:[27,22,17,16,0,],15:[27,0,],-0.00188242, -9.0532
r19: 0:[11,10,0,],1:[19,0,],2:[27,26,3,],3:[3,2,],4:[10,5,3,2,],5:[11,10,],6:[27,19,],7:[8,7,],8:[27,10,5,0,],9:[8,0,],10:[0,],11:[0,],12:[27,26,0,],13:[27,0,],14:[27,22,17,16,0,],15:[27,0,],-->r20: 0:[11,10,0,],1:[19,0,],2:[27,3,0,],3:[8,],4:[10,5,3,2,],5:[11,10,],6:[27,19,],7:[18,3,0,],8:[27,10,5,0,],9:[8,0,],10:[0,],11:[18,8,7,3,0,],12:[27,26,0,],13:[27,0,],14:[27,22,17,16,0,],15:[22,21,8,0,],0.0556081, -4.16856
r20: 0:[11,10,0,],1:[19,0,],2:[27,3,0,],3:[8,],4:[10,5,3,2,],5:[11,10,],6:[27,19,],7:[18,3,0,],8:[27,10,5,0,],9:[8,0,],10:[0,],11:[18,8,7,3,0,],12:[27,26,0,],13:[27,0,],14:[27,22,17,16,0,],15:[22,21,8,0,],-->r21: 0:[30,19,18,],1:[19,0,],2:[27,3,0,],3:[8,0,],4:[10,5,3,2,],5:[22,21,20,0,],6:[27,19,],7:[18,3,0,],8:[27,10,5,0,],9:[8,0,],10:[21,20,],11:[18,8,7,3,0,],12:[27,26,0,],13:[27,0,],14:[27,22,17,16,0,],15:[17,16,11,3,0,],0.0062348, -7.32544
r21: 0:[30,19,18,],1:[19,0,],2:[27,3,0,],3:[8,0,],4:[10,5,3,2,],5:[22,21,20,0,],6:[27,19,],7:[18,3,0,],8:[27,10,5,0,],9:[8,0,],10:[21,20,],11:[18,8,7,3,0,],12:[27,26,0,],13:[27,0,],14:[27,22,17,16,0,],15:[17,16,11,3,0,],-->r22: 0:[30,19,17,8,3,2,0,],1:[6,3,2,],2:[27,3,0,],3:[8,0,],4:[10,5,3,2,],5:[22,21,20,0,],6:[30,28,27,19,5,4,0,],7:[18,3,0,],8:[27,10,5,0,],9:[8,0,],10:[21,20,],11:[29,28,27,8,5,4,3,2,],12:[30,27,26,22,21,19,13,8,0,],13:[27,0,],14:[27,22,17,16,0,],15:[17,16,11,3,0,],8.40589e-05, -13.5382
Total: -55.1901